1.650000000000000000e+03 1.815000000000000000e+03 2.069000000000000000e+03 2.310000000000000000e+03 2.536000000000000000e+03 3.022000000000000000e+03 3.984000000000000000e+03 8.929000000000000000e+03 1.018500000000000000e+04 1.587500000000000000e+04 1.891100000000000000e+04
1.274000000000000000e+03 1.302000000000000000e+03 1.487000000000000000e+03 1.589000000000000000e+03 1.715000000000000000e+03 1.968000000000000000e+03 2.402000000000000000e+03 4.632000000000000000e+03 9.513000000000000000e+03 1.486400000000000000e+04 1.747700000000000000e+04
8.540000000000000000e+02 9.380000000000000000e+02 1.015000000000000000e+03 1.134000000000000000e+03 1.172000000000000000e+03 1.250000000000000000e+03 1.605000000000000000e+03 3.429000000000000000e+03 1.303400000000000000e+04 1.580000000000000000e+04 1.873800000000000000e+04
9.380000000000000000e+02 1.119000000000000000e+03 1.186000000000000000e+03 1.376000000000000000e+03 2.980000000000000000e+03 9.690000000000000000e+02 1.162000000000000000e+03 2.239000000000000000e+03 3.790000000000000000e+03 1.497700000000000000e+04 1.881700000000000000e+04
8.110000000000000000e+02 7.330000000000000000e+02 8.380000000000000000e+02 1.029000000000000000e+03 1.337000000000000000e+03 2.361000000000000000e+03 9.999900000000000000e+04 9.999900000000000000e+04 2.606000000000000000e+03 1.877500000000000000e+04 2.381600000000000000e+04
4.890000000000000000e+02 7.320000000000000000e+02 9.060000000000000000e+02 7.030000000000000000e+02 9.340000000000000000e+02 1.554000000000000000e+03 9.999900000000000000e+04 9.999900000000000000e+04 9.999900000000000000e+04 2.868300000000000000e+04 9.999900000000000000e+04
3.470000000000000000e+02 4.200000000000000000e+02 7.800000000000000000e+02 6.610000000000000000e+02 8.140000000000000000e+02 3.044000000000000000e+03 9.999900000000000000e+04 9.999900000000000000e+04 9.999900000000000000e+04 9.999900000000000000e+04 9.999900000000000000e+04
4.340000000000000000e+02 3.950000000000000000e+02 5.070000000000000000e+02 8.570000000000000000e+02 9.520000000000000000e+02 9.999900000000000000e+04 9.999900000000000000e+04 9.999900000000000000e+04 9.999900000000000000e+04 9.999900000000000000e+04 9.999900000000000000e+04
3.620000000000000000e+02 6.900000000000000000e+02 4.880000000000000000e+02 1.162000000000000000e+03 9.999900000000000000e+04 9.999900000000000000e+04 9.999900000000000000e+04 9.999900000000000000e+04 9.999900000000000000e+04 9.999900000000000000e+04 9.999900000000000000e+04
4.200000000000000000e+02 6.380000000000000000e+02 7.250000000000000000e+02 1.561000000000000000e+03 9.999900000000000000e+04 9.999900000000000000e+04 9.999900000000000000e+04 9.999900000000000000e+04 9.999900000000000000e+04 9.999900000000000000e+04 9.999900000000000000e+04
2.480000000000000000e+02 4.430000000000000000e+02 1.425000000000000000e+03 9.999900000000000000e+04 9.999900000000000000e+04 9.999900000000000000e+04 9.999900000000000000e+04 9.999900000000000000e+04 9.999900000000000000e+04 9.999900000000000000e+04 9.999900000000000000e+04
